0.99840719141
0.998003837811
1.07311064464
0.998389723076
1.78129366103
5.99735908811
0.998003840397
2.15075554744
0.998003842929
0.998284183263
12.6705058122
0.998290850975
0.998284183349
4.37193956611
1.00013622043
0.998086856287
1.05736371526
0.998003837868
4.17976377771
0.998284182921
0.998003837918
10.7631806736
0.998065703968
0.998003902656
0.998284183784
0.998348840913
0.998003837943
0.998284184397
0.998284182933
0.998284183065
0.998060441502
0.998290833134
0.998284182921
0.998774677775
0.998564527583
0.998102221529
0.998284183292
0.998389720903
2.98210516662
3.97709838106
2.56220256287
2.98210515699
0.998284185423
0.998003842909
0.99828419699
0.998284183407
0.998003838452
0.998489259801
0.998010145076
1.18536376661
1.03552733735
0.998056941196
0.999569839017
0.998284192994
0.998284183436
1.20417775219
0.998284183494
0.998003838223
0.999220738048
1.05034433302
0.999074131384
0.998284183321
1.1205464047
0.998284182949
0.99800591509
0.998026236662
0.998416171059
1.03959651488
1.78130115041
0.998003838054
4.10789992517
1.00638524673
6.03998032413
0.998003844975
0.998019118646
1.05136537687
0.998564527583
0.998003839389
1.35548990103
0.998029632136
4.10646954383
0.998034470884
0.998013893645
0.998003837823
0.998009608622
1.00301874732
0.998214052263
1.0532290632
0.998003839106
3.96825404058
0.998564527583
5.95003578228
0.998004573184
0.998332546288
2.30659526781
0.998004876601
0.998272806012
0.998030027177
0.998591873775
2.15068341475
0.998444115191
0.998005949149
0.99801389278
0.998003839042
0.998011342435
0.998003847862
0.998284960255
0.998003838251
0.998003843964
0.998995559928
0.998003837835
0.998003839134
1.21372209156
5.18411517691
1.01162168362
5.94798209601
0.998082202513
0.998012723492
1.99559144864
11.1041143483
0.99828418312
2.9821052598
0.998687447128
6.10847203322
2.55474708087
0.998003837997
0.999114040454
0.998284183667
1.02030772906
0.998003979251
1.4635640456
2.98238321152
0.998004210418
0.998302191352
1.00456811455
1.39531372008
1.03710970315
0.99828418627
1.21738979583
0.998286260275
0.998318698205
0.998377201883
1.2363533562
0.999712758902
0.99800383787
0.999177564895
0.9980038383
0.99828418312
0.998284183292
2.65372889197
1.24000438
0.998284182912
0.998003838082
3.375900515
0.998011039946
0.998297598628
3.96825012979
0.99828418312
10.8295858039
0.998362547657
1.6625971124
1.09559224152
7.39122599298
0.998003947743
0.998003838762
0.999769317062
2.98238321152
2.98238321152
4.06063300725
1.00178691297
1.57841759929
0.999093514084
0.998003841779
2.98210515727
0.998004410125
4.11870855779
0.998003846039
3.13916671745
1.00294650653
2.98210515684
1.58566737869
1.00343727244
0.998003957617
10.0128619041
0.998927393443
0.998048103055
0.998653214409
0.998651498823
0.998284965792
0.99938659912
0.999177730549
0.998003838665
0.998284184315
0.998284182912
0.998030009019
10.7659310633
1.00051816748
0.998003838857
0.998324118134
6.80004086732
1.00543047759
7.57804295655
0.998045994956
0.998003837971
0.998564527583
0.998025448762
4.51990451348
2.98210515683
1.01206988365
0.998016619173
1.54461678238
2.98210516175
2.00371598918
0.9980038381
1.44947412663
1.39785694685
15.5038170517
1.24184728386
10.763449292
0.99800712586
0.998003838923
0.998284183407
0.998525240018
0.99800448534
1.06267993408
0.99828471531
0.998214030891
0.998003838936
0.998003857437
0.998003951927
0.998003838251
0.998294237608
0.998003838665
0.998003839444
0.998284182914
0.998166750891
0.998003838795
0.998564527583
2.98238323081
0.998004061969
2.98627547327
0.998052201898
0.998003837964
2.01146352256
0.998004638074
0.998003838427
0.998006030679
8.5875934227
0.998123073473
10.7631806721
0.998012007967
0.998290832789
9.77356105508
0.998284183378
0.998006967604
1.02137778381
0.998284182931
0.998003838498
0.998003838072
10.7631820387
0.998055320113
0.998006145332
0.998003838044
10.763449292
2.55105199482
0.998284183234
0.998003913112
0.998284182921
0.998434630376
1.24000439098
2.98210515684
2.98210517751
0.99828418486
0.998003838337
0.998003837823
0.998284183436
10.7632466819
2.97756475145
11.8830160298
0.998284182949
0.999906104592
0.998533251542
10.7631806722
0.998284182921
0.998564527583
10.7631808425
1.55217647332
0.998014741299
0.998003868201
0.998003838194
1.55556958007
0.998003841204
1.00407120224
1.21027261553
10.7631969468
0.998031484698
0.998564527583
1.00242235533
1.01107081408
1.00531657758
0.998284182912
10.7672836748
0.998450728501
1.39505134381
0.998284182933
0.998705661233
0.998021846161
1.16824171195
0.998564527583
3.96825166493
1.38414402514
1.00266614919
1.23274833344
0.998304496656
0.998011668907
0.998284195516
0.998003864536
1.81609925308
12.8778464524
0.998082202819
0.998003839512
10.7634492924
53.3348360586
10.7631806722
10.7634492925
1.00196276427
2.98210516935
0.998005175982
0.998284227131
0.99800383882
0.998284182933
0.998007492058
0.999134888553
10.7631807672
10.7631809656
1.12448673633
0.998284183039
2.98210516327
0.99829168687
0.998425316517
1.05112638761
0.998063858571
2.98238321153
0.998004963572
0.998416171579
1.00362900114
10.7631806776
0.998003837951
0.998003837815
0.998940632151
6.87726098972
17.3744143847
6.79759070508
2.98210516965
0.998003839344
1.71536771144
2.98210515682
0.998289220876
0.998003853489
2.06479116454
2.98210516843
0.998021846359
0.998003838005
0.998284183292
0.99800393028
0.998004048069
0.998003837918
5.93717156485
1.36087710901
1.26744232127
0.998003838109
0.998003838569
3.97769666562
0.998284183321
0.998284409955
2.98210975762
2.98210515743
2.52192225984
6.73583877717
0.998284182931
0.998381224973
0.998284182933
0.998003839106
0.998003838565
1.49613205512
0.998003838118
1.57422247849
0.998004190546
0.998284182914
1.41217592513
4.07629885635
10.763180672
2.98210515824
0.998004485427
0.998003838186
2.98238321152
3.96826044533
10.7631809936
0.999085984795
2.98210515685
0.998372885064
0.998290832995
0.998499597419
1.00129831774
0.998286260275
0.9980038381
0.998284183784
1.04001368151
1.21561206474
1.21708239261
1.26890065772
8.63585622444
0.998191244282
2.98210517697
4.26750990307
0.998015188141
0.99831869912
11.5499648245
1.33789149626
0.998004065069
0.999866387219
2.06615092967
1.65440281995
0.998284182912
10.7631807673
1.05241668936
1.00172981181
6.0220064203
3.56510269762
3.52698066159
0.998297598422
1.27297788023
0.998004272663
1.4024081568
1.80602898494
0.998284184029
0.998564527583
10.7631808904
0.998317835322
1.57422247814
0.998008222373
1.00069584708
0.998577943276
0.99800383845
7.08730719968
0.998284183638
1.01223954685
5.5043778599
0.998311528866
12.4093299402
0.998004370143
0.998284183205
2.24075945287
2.98210515763
0.998040041992
0.998284183465
2.7720248838
0.998003837831
0.998010144381
10.7631836466
1.22782895978
0.998564527583
1.00100275816
0.998284183638
0.998008934481
0.998003838423
3.07977768677
15.504827956
0.999266950151
0.998003838904
0.998329586496
0.998003874713
0.998003838482
1.39228505141
0.998284182968
0.998003851983
5.95135826376
0.998004898401
0.998003838706
2.98210515682
13.4267989837
1.00019159458
0.998364699655
0.998010235691
0.998284209674
0.998584841296
0.998003839078
0.99800383918
0.998003838611
0.998003838423
0.99802252358
5.78149263333
10.7631808467
1.34765561933
0.998003838935
10.7634492921
0.998005704363
12.6705058111
0.998284183148
0.998284182912
