49.7021
54.4132
43.5368
55.6139
62.9037
36.1454
42.0142
31.8606
43.7645
33.2638
19.687
47.5738
45.511
36.4217
29.8154
34.1869
50.7366
48.4224
23.1195
53.729
52.5668
28.8297
25.8397
52.8154
51.6437
47.2182
32.9965
32.5254
39.3139
48.8605
17.2469
17.6014
54.8043
50.7289
54.4865
42.1225
38.6397
39.2134
49.3126
45.6554
51.9723
23.4317
41.9922
32.1794
42.3714
56.3526
44.6774
60.5283
50.0394
45.9189
60.6845
39.1531
41.5107
29.8758
39.3179
47.1546
52.826
47.6318
58.3931
31.8689
32.2934
33.6606
26.5701
50.0233
13.8401
49.2897
50.9373
44.3958
49.5138
49.8834
51.0186
43.2584
43.3073
59.5539
40.9864
58.6578
41.6142
45.3217
36.8347
50.6673
52.7078
60.7845
26.3505
66.9857
35.2862
39.3616
35.7299
37.8685
49.2254
47.6069
53.3901
50.2354
38.9477
63.4771
37.7861
29.7574
44.8356
50.4754
44.487
32.8653
55.1681
52.2134
38.7446
36.7838
43.2477
32.7353
44.0166
49.0529
31.353
68.7738
34.0346
60.471
